0 1
1 2
1 3
2 4
2 5
3 6
3 7
4 8
4 9
5 10
5 11
6 12
6 13
7 14
7 15
8 16
8 17
9 18
9 19
10 20
10 21
16 22
16 23
17 24
17 25
18 26
18 27
19 28
19 29
21 30
21 31
22 32
22 33
23 34
23 35
24 36
24 37
25 38
25 39
26 40
26 41
27 42
27 43
28 44
28 45
29 46
29 47
31 48
31 49
32 50
32 51
34 52
34 53
35 54
35 55
39 56
39 57
42 58
42 59
44 60
44 61
45 62
45 63
46 64
46 65
47 66
47 67
48 68
48 69
50 70
50 71
52 72
52 73
53 74
53 75
54 76
54 77
55 78
55 79
60 80
60 81
63 82
63 83
64 84
64 85
66 86
66 87
74 88
74 89
75 90
75 91
82 92
82 93
83 94
83 95
84 96
84 97
86 98
86 99
88 100
88 101
93 102
93 103
