0 1
1 2
1 3
2 4
2 5
3 6
3 7
4 8
4 9
5 10
5 11
6 12
6 13
7 14
7 15
8 16
8 17
9 18
9 19
10 20
10 21
13 22
13 23
15 24
15 25
16 26
16 27
18 28
18 29
22 30
22 31
23 32
23 33
24 34
24 35
25 36
25 37
26 38
26 39
27 40
27 41
28 42
28 43
29 44
29 45
32 46
32 47
33 48
33 49
34 50
34 51
35 52
35 53
36 54
36 55
38 56
38 57
39 58
39 59
40 60
40 61
41 62
41 63
42 64
42 65
44 66
44 67
45 68
45 69
46 70
46 71
48 72
48 73
49 74
49 75
50 76
50 77
51 78
51 79
54 80
54 81
55 82
55 83
56 84
56 85
57 86
57 87
58 88
58 89
59 90
59 91
62 92
62 93
63 94
63 95
66 96
66 97
67 98
67 99
71 100
71 101
72 102
72 103
74 104
74 105
77 106
77 107
78 108
78 109
80 110
80 111
82 112
82 113
83 114
83 115
84 116
84 117
85 118
85 119
87 120
87 121
90 122
90 123
92 124
92 125
93 126
93 127
94 128
94 129
96 130
96 131
98 132
98 133
99 134
99 135
104 136
104 137
105 138
105 139
106 140
106 141
107 142
107 143
108 144
108 145
110 146
110 147
112 148
112 149
114 150
114 151
116 152
116 153
117 154
117 155
120 156
120 157
123 158
123 159
124 160
124 161
125 162
125 163
126 164
126 165
127 166
127 167
128 168
128 169
129 170
129 171
130 172
130 173
131 174
131 175
132 176
132 177
133 178
133 179
134 180
134 181
135 182
135 183
137 184
137 185
141 186
141 187
142 188
142 189
144 190
144 191
150 192
150 193
151 194
151 195
155 196
155 197
160 198
160 199
162 200
162 201
165 202
165 203
172 204
172 205
175 206
175 207
178 208
178 209
179 210
179 211
180 212
180 213
182 214
182 215
183 216
183 217
184 218
184 219
185 220
185 221
189 222
189 223
195 224
195 225
198 226
198 227
200 228
200 229
204 230
204 231
205 232
205 233
206 234
206 235
207 236
207 237
208 238
208 239
209 240
209 241
210 242
210 243
211 244
211 245
212 246
212 247
213 248
213 249
215 250
215 251
216 252
216 253
220 254
220 255
224 256
224 257
230 258
230 259
232 260
232 261
236 262
236 263
238 264
238 265
239 266
239 267
240 268
240 269
242 270
242 271
243 272
243 273
244 274
244 275
245 276
245 277
248 278
248 279
250 280
250 281
261 282
261 283
263 284
263 285
264 286
264 287
265 288
265 289
268 290
268 291
272 292
272 293
273 294
273 295
275 296
275 297
285 298
285 299
286 300
286 301
288 302
288 303
289 304
289 305
290 306
290 307
293 308
293 309
296 310
296 311
298 312
298 313
302 314
302 315
304 316
304 317
309 318
309 319
312 320
312 321
313 322
313 323
318 324
318 325
